#solute size.       Temp    fHB           fS        fLJ         fO 
   0.0000000000    0.0433794613   0.000000    1.000000   0.000000   0.000000 
   0.0000000000    0.0438126062   0.000000    1.000000   0.000000   0.000000 
   0.0000000000    0.0442457511   0.000000    1.000000   0.000000   0.000000 
   0.0000000000    0.0446788960   0.000000    1.000000   0.000000   0.000000 
   0.0000000000    0.0451120409   0.000000    1.000000   0.000000   0.000000 
   0.0000000000    0.0455451858   0.000000    1.000000   0.000000   0.000000 
   0.0000000000    0.0459783307   0.000000    1.000000   0.000000   0.000000 
   0.0000000000    0.0464114756   0.000000    1.000000   0.000000   0.000000 
   0.0000000000    0.0468446205   0.000000    1.000000   0.000000   0.000000 
   0.0000000000    0.0472777654   0.000000    1.000000   0.000000   0.000000 
   0.0000000000    0.0477109103   0.000000    1.000000   0.000000   0.000000 
   0.0000000000    0.0481440552   0.000000    1.000000   0.000000   0.000000 
   0.0000000000    0.0485772001   0.000000    1.000000   0.000000   0.000000 
   0.0000000000    0.0490103450   0.000001    0.999999   0.000000   0.000000 
   0.0000000000    0.0494434899   0.000001    0.999999   0.000000   0.000000 
   0.0000000000    0.0498766348   0.000001    0.999999   0.000000   0.000000 
   0.0000000000    0.0503097797   0.000001    0.999999   0.000000   0.000000 
   0.0000000000    0.0507429245   0.000001    0.999999   0.000000   0.000000 
   0.0000000000    0.0511760694   0.000002    0.999998   0.000000   0.000000 
   0.0000000000    0.0516092143   0.000002    0.999998   0.000000   0.000000 
   0.0000000000    0.0520423592   0.000003    0.999997   0.000000   0.000000 
   0.0000000000    0.0524755041   0.000003    0.999997   0.000000   0.000000 
   0.0000000000    0.0529086490   0.000004    0.999996   0.000000   0.000000 
   0.0000000000    0.0533417939   0.000005    0.999995   0.000000   0.000000 
   0.0000000000    0.0537749388   0.000006    0.999994   0.000001   0.000000 
   0.0000000000    0.0542080837   0.000007    0.999993   0.000001   0.000000 
   0.0000000000    0.0546412286   0.000008    0.999991   0.000001   0.000000 
   0.0000000000    0.0550743735   0.000010    0.999989   0.000001   0.000000 
   0.0000000000    0.0555075184   0.000012    0.999987   0.000001   0.000000 
   0.0000000000    0.0559406633   0.000014    0.999985   0.000001   0.000000 
   0.0000000000    0.0563738082   0.000017    0.999982   0.000002   0.000000 
   0.0000000000    0.0568069531   0.000020    0.999978   0.000002   0.000000 
   0.0000000000    0.0572400980   0.000024    0.999974   0.000002   0.000000 
   0.0000000000    0.0576732429   0.000028    0.999969   0.000003   0.000000 
   0.0000000000    0.0581063878   0.000034    0.999963   0.000003   0.000000 
   0.0000000000    0.0585395327   0.000040    0.999957   0.000004   0.000000 
   0.0000000000    0.0589726776   0.000047    0.999949   0.000004   0.000000 
   0.0000000000    0.0594058225   0.000055    0.999940   0.000005   0.000000 
   0.0000000000    0.0598389674   0.000064    0.999930   0.000006   0.000000 
   0.0000000000    0.0602721123   0.000075    0.999918   0.000007   0.000000 
   0.0000000000    0.0607052572   0.000088    0.999904   0.000008   0.000000 
   0.0000000000    0.0611384020   0.000103    0.999888   0.000009   0.000000 
   0.0000000000    0.0615715469   0.000119    0.999870   0.000011   0.000000 
   0.0000000000    0.0620046918   0.000139    0.999849   0.000013   0.000000 
   0.0000000000    0.0624378367   0.000161    0.999825   0.000015   0.000000 
   0.0000000000    0.0628709816   0.000186    0.999797   0.000017   0.000000 
   0.0000000000    0.0633041265   0.000214    0.999766   0.000019   0.000000 
   0.0000000000    0.0637372714   0.000247    0.999730   0.000022   0.000000 
   0.0000000000    0.0641704163   0.000284    0.999690   0.000026   0.000000 
   0.0000000000    0.0646035612   0.000327    0.999644   0.000030   0.000000 
   0.0000000000    0.0650367061   0.000375    0.999591   0.000034   0.000000 
   0.0000000000    0.0654698510   0.000429    0.999532   0.000039   0.000000 
   0.0000000000    0.0659029959   0.000490    0.999466   0.000045   0.000000 
   0.0000000000    0.0663361408   0.000559    0.999390   0.000051   0.000000 
   0.0000000000    0.0667692857   0.000637    0.999305   0.000058   0.000000 
   0.0000000000    0.0672024306   0.000724    0.999210   0.000066   0.000000 
   0.0000000000    0.0676355755   0.000823    0.999103   0.000075   0.000000 
   0.0000000000    0.0680687204   0.000933    0.998982   0.000085   0.000000 
   0.0000000000    0.0685018653   0.001056    0.998848   0.000096   0.000000 
   0.0000000000    0.0689350102   0.001195    0.998697   0.000109   0.000000 
   0.0000000000    0.0693681551   0.001349    0.998529   0.000123   0.000000 
   0.0000000000    0.0698013000   0.001521    0.998341   0.000138   0.000000 
   0.0000000000    0.0702344449   0.001713    0.998132   0.000156   0.000000 
   0.0000000000    0.0706675898   0.001926    0.997899   0.000175   0.000000 
   0.0000000000    0.0711007347   0.002163    0.997640   0.000197   0.000000 
   0.0000000000    0.0715338795   0.002426    0.997353   0.000221   0.000000 
   0.0000000000    0.0719670244   0.002718    0.997035   0.000247   0.000000 
   0.0000000000    0.0724001693   0.003041    0.996683   0.000276   0.000000 
   0.0000000000    0.0728333142   0.003398    0.996293   0.000309   0.000000 
   0.0000000000    0.0732664591   0.003792    0.995863   0.000345   0.000000 
   0.0000000000    0.0736996040   0.004227    0.995389   0.000384   0.000000 
   0.0000000000    0.0741327489   0.004707    0.994865   0.000428   0.000000 
   0.0000000000    0.0745658938   0.005234    0.994290   0.000476   0.000000 
   0.0000000000    0.0749990387   0.005815    0.993656   0.000529   0.000000 
   0.0000000000    0.0754321836   0.006452    0.992961   0.000587   0.000000 
   0.0000000000    0.0758653285   0.007152    0.992197   0.000650   0.000000 
   0.0000000000    0.0762984734   0.007919    0.991361   0.000720   0.000000 
   0.0000000000    0.0767316183   0.008759    0.990445   0.000797   0.000000 
   0.0000000000    0.0771647632   0.009677    0.989442   0.000880   0.000000 
   0.0000000000    0.0775979081   0.010681    0.988347   0.000972   0.000000 
   0.0000000000    0.0780310530   0.011777    0.987151   0.001071   0.000000 
   0.0000000000    0.0784641979   0.012972    0.985848   0.001180   0.000000 
   0.0000000000    0.0788973428   0.014275    0.984427   0.001299   0.000000 
   0.0000000000    0.0793304877   0.015692    0.982880   0.001428   0.000000 
   0.0000000000    0.0797636326   0.017233    0.981199   0.001568   0.000000 
   0.0000000000    0.0801967775   0.018908    0.979372   0.001720   0.000000 
   0.0000000000    0.0806299224   0.020725    0.977389   0.001886   0.000000 
   0.0000000000    0.0810630673   0.022696    0.975238   0.002065   0.000000 
   0.0000000000    0.0814962122   0.024831    0.972909   0.002260   0.000000 
   0.0000000000    0.0819293570   0.027141    0.970388   0.002470   0.000000 
   0.0000000000    0.0823625019   0.029640    0.967663   0.002698   0.000000 
   0.0000000000    0.0827956468   0.032338    0.964718   0.002944   0.000000 
   0.0000000000    0.0832287917   0.035250    0.961541   0.003209   0.000000 
   0.0000000000    0.0836619366   0.038390    0.958115   0.003495   0.000000 
   0.0000000000    0.0840950815   0.041771    0.954426   0.003803   0.000000 
   0.0000000000    0.0845282264   0.045410    0.950455   0.004135   0.000000 
   0.0000000000    0.0849613713   0.049321    0.946187   0.004492   0.000000 
   0.0000000000    0.0853945162   0.053521    0.941604   0.004875   0.000000 
   0.0000000000    0.0858276611   0.058027    0.936687   0.005286   0.000000 
   0.0000000000    0.0862608060   0.062856    0.931418   0.005726   0.000000 
   0.0000000000    0.0866939509   0.068026    0.925777   0.006198   0.000000 
   0.0000000000    0.0871270958   0.073553    0.919744   0.006702   0.000000 
   0.0000000000    0.0875602407   0.079458    0.913301   0.007241   0.000000 
   0.0000000000    0.0879933856   0.085758    0.906426   0.007816   0.000000 
   0.0000000000    0.0884265305   0.092470    0.899100   0.008429   0.000000 
   0.0000000000    0.0888596754   0.099615    0.891303   0.009082   0.000000 
   0.0000000000    0.0892928203   0.107209    0.883015   0.009776   0.000000 
   0.0000000000    0.0897259652   0.115270    0.874217   0.010513   0.000000 
   0.0000000000    0.0901591101   0.123814    0.864892   0.011294   0.000000 
   0.0000000000    0.0905922550   0.132858    0.855021   0.012121   0.000000 
   0.0000000000    0.0910253999   0.142415    0.844589   0.012995   0.000000 
   0.0000000000    0.0914585448   0.152500    0.833582   0.013918   0.000001 
   0.0000000000    0.0918916897   0.163121    0.821988   0.014890   0.000001 
   0.0000000000    0.0923248345   0.174290    0.809796   0.015913   0.000001 
   0.0000000000    0.0927579794   0.186009    0.797004   0.016986   0.000001 
   0.0000000000    0.0931911243   0.198282    0.783606   0.018111   0.000001 
   0.0000000000    0.0936242692   0.211107    0.769605   0.019287   0.000001 
   0.0000000000    0.0940574141   0.224479    0.755007   0.020513   0.000001 
   0.0000000000    0.0944905590   0.238388    0.739822   0.021789   0.000001 
   0.0000000000    0.0949237039   0.252818    0.724067   0.023113   0.000001 
   0.0000000000    0.0953568488   0.267753    0.707761   0.024485   0.000001 
   0.0000000000    0.0957899937   0.283159    0.690939   0.025900   0.000002 
   0.0000000000    0.0962231386   0.299007    0.673634   0.027357   0.000002 
   0.0000000000    0.0966562835   0.315259    0.655887   0.028851   0.000002 
   0.0000000000    0.0970894284   0.331870    0.637748   0.030380   0.000002 
   0.0000000000    0.0975225733   0.348789    0.619270   0.031938   0.000002 
   0.0000000000    0.0979557182   0.365963    0.600515   0.033520   0.000003 
   0.0000000000    0.0983888631   0.383335    0.581541   0.035121   0.000003 
   0.0000000000    0.0988220080   0.400833    0.562429   0.036736   0.000003 
   0.0000000000    0.0992551529   0.418395    0.543245   0.038357   0.000004 
   0.0000000000    0.0996882978   0.435953    0.524063   0.039979   0.000004 
   0.0000000000    0.1001214427   0.453441    0.504958   0.041597   0.000004 
   0.0000000000    0.1005545876   0.470792    0.486000   0.043203   0.000005 
   0.0000000000    0.1009877325   0.487943    0.467259   0.044792   0.000005 
   0.0000000000    0.1014208774   0.504834    0.448801   0.046359   0.000006 
   0.0000000000    0.1018540223   0.521410    0.430685   0.047899   0.000006 
   0.0000000000    0.1022871672   0.537621    0.412965   0.049407   0.000007 
   0.0000000000    0.1027203120   0.553432    0.395681   0.050880   0.000007 
   0.0000000000    0.1031534569   0.568795    0.378884   0.052313   0.000008 
   0.0000000000    0.1035866018   0.583685    0.362601   0.053705   0.000008 
   0.0000000000    0.1040197467   0.598082    0.346856   0.055054   0.000009 
   0.0000000000    0.1044528916   0.611967    0.331667   0.056357   0.000009 
   0.0000000000    0.1048860365   0.625332    0.317044   0.057614   0.000010 
   0.0000000000    0.1053191814   0.638171    0.302994   0.058825   0.000010 
   0.0000000000    0.1057523263   0.650484    0.289516   0.059989   0.000011 
   0.0000000000    0.1061854712   0.662274    0.276607   0.061107   0.000012 
   0.0000000000    0.1066186161   0.673547    0.264260   0.062180   0.000012 
   0.0000000000    0.1070517610   0.684320    0.252458   0.063209   0.000013 
   0.0000000000    0.1074849059   0.694602    0.241190   0.064194   0.000014 
   0.0000000000    0.1079180508   0.704407    0.230441   0.065138   0.000015 
   0.0000000000    0.1083511957   0.713751    0.220193   0.066041   0.000015 
   0.0000000000    0.1087843406   0.722650    0.210428   0.066906   0.000016 
   0.0000000000    0.1092174855   0.731123    0.201127   0.067733   0.000017 
   0.0000000000    0.1096506304   0.739187    0.192270   0.068526   0.000018 
   0.0000000000    0.1100837753   0.746859    0.183839   0.069284   0.000018 
   0.0000000000    0.1105169202   0.754157    0.175814   0.070010   0.000019 
   0.0000000000    0.1109500651   0.761099    0.168176   0.070705   0.000020 
   0.0000000000    0.1113832100   0.767701    0.160906   0.071372   0.000021 
   0.0000000000    0.1118163549   0.773980    0.153988   0.072011   0.000022 
   0.0000000000    0.1122494998   0.779951    0.147402   0.072624   0.000023 
   0.0000000000    0.1126826447   0.785631    0.141133   0.073212   0.000024 
   0.0000000000    0.1131157895   0.791033    0.135165   0.073778   0.000024 
   0.0000000000    0.1135489344   0.796172    0.129482   0.074321   0.000025 
   0.0000000000    0.1139820793   0.801060    0.124069   0.074844   0.000026 
   0.0000000000    0.1144152242   0.805712    0.118913   0.075348   0.000027 
   0.0000000000    0.1148483691   0.810138    0.114001   0.075833   0.000028 
   0.0000000000    0.1152815140   0.814350    0.109319   0.076301   0.000029 
   0.0000000000    0.1157146589   0.818360    0.104856   0.076754   0.000030 
   0.0000000000    0.1161478038   0.822176    0.100602   0.077191   0.000031 
   0.0000000000    0.1165809487   0.825811    0.096543   0.077614   0.000032 
   0.0000000000    0.1170140936   0.829272    0.092671   0.078024   0.000033 
   0.0000000000    0.1174472385   0.832569    0.088976   0.078421   0.000034 
   0.0000000000    0.1178803834   0.835709    0.085449   0.078807   0.000035 
   0.0000000000    0.1183135283   0.838700    0.082081   0.079182   0.000036 
   0.0000000000    0.1187466732   0.841551    0.078865   0.079547   0.000038 
   0.0000000000    0.1191798181   0.844266    0.075793   0.079902   0.000039 
   0.0000000000    0.1196129630   0.846855    0.072857   0.080249   0.000040 
   0.0000000000    0.1200461079   0.849321    0.070050   0.080587   0.000041 
   0.0000000000    0.1204792528   0.851672    0.067367   0.080918   0.000042 
   0.0000000000    0.1209123977   0.853913    0.064801   0.081242   0.000043 
   0.0000000000    0.1213455426   0.856049    0.062346   0.081560   0.000044 
   0.0000000000    0.1217786875   0.858085    0.059998   0.081872   0.000046 
   0.0000000000    0.1222118324   0.860026    0.057749   0.082178   0.000047 
   0.0000000000    0.1226449773   0.861876    0.055597   0.082479   0.000048 
   0.0000000000    0.1230781222   0.863639    0.053536   0.082775   0.000049 
   0.0000000000    0.1235112670   0.865320    0.051562   0.083068   0.000051 
   0.0000000000    0.1239444119   0.866922    0.049670   0.083356   0.000052 
   0.0000000000    0.1243775568   0.868448    0.047857   0.083641   0.000053 
   0.0000000000    0.1248107017   0.869902    0.046119   0.083924   0.000055 
   0.0000000000    0.1252438466   0.871288    0.044453   0.084203   0.000056 
   0.0000000000    0.1256769915   0.872607    0.042855   0.084480   0.000058 
   0.0000000000    0.1261101364   0.873863    0.041322   0.084756   0.000059 
   0.0000000000    0.1265432813   0.875059    0.039851   0.085029   0.000060 
   0.0000000000    0.1269764262   0.876197    0.038439   0.085301   0.000062 
   0.0000000000    0.1274095711   0.877280    0.037084   0.085572   0.000063 
   0.0000000000    0.1278427160   0.878310    0.035783   0.085842   0.000065 
   0.0000000000    0.1282758609   0.879288    0.034533   0.086112   0.000067 
   0.0000000000    0.1287090058   0.880218    0.033333   0.086381   0.000068 
   0.0000000000    0.1291421507   0.881101    0.032179   0.086650   0.000070 
   0.0000000000    0.1295752956   0.881938    0.031071   0.086920   0.000071 
   0.0000000000    0.1300084405   0.882732    0.030005   0.087190   0.000073 
   0.0000000000    0.1304415854   0.883485    0.028981   0.087460   0.000075 
   0.0000000000    0.1308747303   0.884197    0.027996   0.087731   0.000076 
   0.0000000000    0.1313078752   0.884871    0.027048   0.088003   0.000078 
   0.0000000000    0.1317410201   0.885507    0.026137   0.088277   0.000080 
   0.0000000000    0.1321741650   0.886108    0.025260   0.088551   0.000082 
   0.0000000000    0.1326073099   0.886673    0.024415   0.088828   0.000083 
   0.0000000000    0.1330404548   0.887206    0.023603   0.089106   0.000085 
   0.0000000000    0.1334735997   0.887706    0.022821   0.089386   0.000087 
   0.0000000000    0.1339067445   0.888175    0.022067   0.089669   0.000089 
   0.0000000000    0.1343398894   0.888614    0.021342   0.089953   0.000091 
   0.0000000000    0.1347730343   0.889024    0.020643   0.090241   0.000093 
   0.0000000000    0.1352061792   0.889406    0.019969   0.090530   0.000095 
   0.0000000000    0.1356393241   0.889760    0.019320   0.090823   0.000097 
   0.0000000000    0.1360724690   0.890088    0.018695   0.091119   0.000099 
   0.0000000000    0.1365056139   0.890390    0.018092   0.091417   0.000101 
   0.0000000000    0.1369387588   0.890667    0.017510   0.091719   0.000103 
   0.0000000000    0.1373719037   0.890920    0.016949   0.092025   0.000105 
   0.0000000000    0.1378050486   0.891150    0.016409   0.092334   0.000107 
   0.0000000000    0.1382381935   0.891357    0.015887   0.092647   0.000110 
   0.0000000000    0.1386713384   0.891541    0.015383   0.092963   0.000112 
   0.0000000000    0.1391044833   0.891704    0.014898   0.093284   0.000114 
   0.0000000000    0.1395376282   0.891846    0.014429   0.093609   0.000117 
   0.0000000000    0.1399707731   0.891967    0.013976   0.093938   0.000119 
   0.0000000000    0.1404039180   0.892069    0.013539   0.094271   0.000121 
   0.0000000000    0.1408370629   0.892150    0.013117   0.094609   0.000124 
   0.0000000000    0.1412702078   0.892212    0.012709   0.094952   0.000126 
   0.0000000000    0.1417033527   0.892256    0.012316   0.095299   0.000129 
   0.0000000000    0.1421364976   0.892281    0.011935   0.095652   0.000131 
   0.0000000000    0.1425696425   0.892289    0.011568   0.096009   0.000134 
   0.0000000000    0.1430027874   0.892279    0.011213   0.096372   0.000137 
   0.0000000000    0.1434359323   0.892251    0.010870   0.096740   0.000139 
   0.0000000000    0.1438690772   0.892207    0.010538   0.097113   0.000142 
   0.0000000000    0.1443022220   0.892146    0.010217   0.097492   0.000145 
   0.0000000000    0.1447353669   0.892068    0.009907   0.097877   0.000148 
   0.0000000000    0.1451685118   0.891975    0.009607   0.098268   0.000150 
   0.0000000000    0.1456016567   0.891866    0.009317   0.098664   0.000153 
   0.0000000000    0.1460348016   0.891741    0.009036   0.099067   0.000156 
   0.0000000000    0.1464679465   0.891600    0.008764   0.099476   0.000159 
   0.0000000000    0.1469010914   0.891445    0.008502   0.099891   0.000162 
   0.0000000000    0.1473342363   0.891274    0.008247   0.100313   0.000166 
   0.0000000000    0.1477673812   0.891089    0.008001   0.100741   0.000169 
   0.0000000000    0.1482005261   0.890889    0.007763   0.101176   0.000172 
   0.0000000000    0.1486336710   0.890675    0.007532   0.101618   0.000175 
   0.0000000000    0.1490668159   0.890446    0.007309   0.102066   0.000179 
   0.0000000000    0.1494999608   0.890203    0.007093   0.102522   0.000182 
   0.0000000000    0.1499331057   0.889946    0.006883   0.102985   0.000185 
   0.0000000000    0.1503662506   0.889675    0.006681   0.103456   0.000189 
   0.0000000000    0.1507993955   0.889390    0.006484   0.103933   0.000192 
   0.0000000000    0.1512325404   0.889092    0.006294   0.104419   0.000196 
   0.0000000000    0.1516656853   0.888779    0.006109   0.104912   0.000200 
   0.0000000000    0.1520988302   0.888453    0.005930   0.105413   0.000203 
   0.0000000000    0.1525319751   0.888114    0.005757   0.105922   0.000207 
   0.0000000000    0.1529651200   0.887761    0.005589   0.106439   0.000211 
   0.0000000000    0.1533982649   0.887394    0.005426   0.106964   0.000215 
   0.0000000000    0.1538314098   0.887015    0.005268   0.107498   0.000219 
   0.0000000000    0.1542645547   0.886621    0.005115   0.108040   0.000223 
   0.0000000000    0.1546976995   0.886215    0.004967   0.108591   0.000227 
   0.0000000000    0.1551308444   0.885795    0.004823   0.109151   0.000231 
   0.0000000000    0.1555639893   0.885362    0.004683   0.109719   0.000236 
   0.0000000000    0.1559971342   0.884915    0.004548   0.110297   0.000240 
   0.0000000000    0.1564302791   0.884456    0.004417   0.110883   0.000244 
   0.0000000000    0.1568634240   0.883983    0.004289   0.111479   0.000249 
   0.0000000000    0.1572965689   0.883496    0.004165   0.112085   0.000253 
   0.0000000000    0.1577297138   0.882997    0.004045   0.112700   0.000258 
   0.0000000000    0.1581628587   0.882484    0.003929   0.113324   0.000263 
   0.0000000000    0.1585960036   0.881958    0.003816   0.113959   0.000268 
   0.0000000000    0.1590291485   0.881418    0.003706   0.114604   0.000272 
   0.0000000000    0.1594622934   0.880865    0.003599   0.115258   0.000277 
   0.0000000000    0.1598954383   0.880298    0.003496   0.115923   0.000282 
   0.0000000000    0.1603285832   0.879718    0.003396   0.116599   0.000288 
   0.0000000000    0.1607617281   0.879124    0.003298   0.117285   0.000293 
   0.0000000000    0.1611948730   0.878517    0.003203   0.117981   0.000298 
   0.0000000000    0.1616280179   0.735581    0.001793   0.195191   0.067435 
   0.0000000000    0.1620611628   0.729230    0.001567   0.195419   0.073784 
   0.0000000000    0.1624943077   0.724331    0.001409   0.196247   0.078013 
   0.0000000000    0.1629274526   0.719748    0.001274   0.197218   0.081759 
   0.0000000000    0.1633605975   0.715303    0.001155   0.198259   0.085284 
   0.0000000000    0.1637937424   0.710925    0.001049   0.199339   0.088687 
   0.0000000000    0.1642268873   0.706580    0.000954   0.200443   0.092023 
   0.0000000000    0.1646600322   0.702249    0.000867   0.201562   0.095323 
   0.0000000000    0.1650931770   0.697918    0.000788   0.202689   0.098604 
   0.0000000000    0.1655263219   0.693579    0.000717   0.203820   0.101884 
   0.0000000000    0.1659594668   0.689228    0.000651   0.204951   0.105169 
   0.0000000000    0.1663926117   0.684859    0.000592   0.206079   0.108470 
   0.0000000000    0.1668257566   0.680471    0.000537   0.207202   0.111789 
   0.0000000000    0.1672589015   0.676062    0.000488   0.208318   0.115132 
   0.0000000000    0.1676920464   0.671630    0.000442   0.209424   0.118503 
   0.0000000000    0.1681251913   0.667174    0.000401   0.210520   0.121904 
   0.0000000000    0.1685583362   0.662695    0.000363   0.211604   0.125338 
   0.0000000000    0.1689914811   0.658192    0.000329   0.212674   0.128805 
   0.0000000000    0.1694246260   0.653664    0.000298   0.213730   0.132308 
   0.0000000000    0.1698577709   0.649113    0.000269   0.214770   0.135848 
   0.0000000000    0.1702909158   0.644538    0.000243   0.215793   0.139426 
   0.0000000000    0.1707240607   0.639941    0.000219   0.216798   0.143042 
   0.0000000000    0.1711572056   0.635321    0.000198   0.217785   0.146696 
   0.0000000000    0.1715903505   0.630680    0.000178   0.218752   0.150390 
   0.0000000000    0.1720234954   0.626018    0.000161   0.219698   0.154124 
   0.0000000000    0.1724566403   0.621335    0.000145   0.220623   0.157897 
   0.0000000000    0.1728897852   0.616634    0.000130   0.221526   0.161710 
